0.073973 -0.026638 0.010735
-3.148273 -0.002176 -0.614806
0.465340 -0.201548 0.108832
-0.661150 0.147555 -0.012154
0.257116 -0.120786 0.032156
0.128066 0.179925 -0.069647
-1.623167 0.694036 -0.379170
0.311015 0.156892 0.025851
0.169170 0.046600 0.261652
0.153342 -0.309928 0.184459
-1.309535 -0.000240 -0.499344
-0.674859 0.003966 -0.154234
-0.096017 0.130237 -0.038924
-0.048830 -0.059505 0.074718
-2.204286 0.881992 -0.750808
-2.494284 0.379388 -0.310527
0.566971 -0.061905 0.046763
-0.294705 0.256893 -0.056881
0.427799 -0.094988 0.147457
-0.520417 0.143203 0.106267
0.400724 -0.405626 0.284879
0.082071 -0.035455 0.138759
-0.198094 0.025909 0.031134
0.015761 0.355781 -0.006086
-0.052902 -0.090064 0.197278
0.101502 0.030671 0.030775
0.320227 -0.254060 0.165064
-2.303978 0.697866 -0.310100
0.005684 0.059332 0.083253
-2.254965 0.056159 -0.375071
-1.250619 0.452539 -0.417357
-0.489691 0.067134 -0.096143
0.499285 0.198624 0.202880
0.247618 -0.139949 0.016925
-0.218759 0.031867 0.064531
-1.704753 0.405423 -0.341404
-0.542516 -0.010364 -0.190456
0.228803 -0.164179 0.132156
-1.006911 0.205533 -0.305060
-0.204323 0.184427 -0.009344
-0.098944 -0.003213 0.032991
0.304107 0.021728 0.109284
0.038245 0.255292 -0.039495
0.425899 -0.137793 0.200549
0.040671 -0.160448 0.216952
0.444999 0.343938 0.240482
0.163454 0.125769 -0.036182
0.395950 0.111696 0.127841
0.145632 0.135531 -0.037575
-0.371594 0.029560 -0.054576
-0.751015 0.224876 -0.090936
-0.852367 0.151774 -0.276562
-0.077377 -0.279712 0.113728
-0.086908 0.175143 0.200605
-2.153959 0.743393 -0.269316
0.245478 0.061580 0.060912
0.425959 -0.371105 0.118466
-1.949923 0.908616 -0.480653
0.066215 0.237831 -0.020116
0.442581 -0.361801 0.243608
0.194553 -0.111607 0.259326
-2.425093 -0.186864 -0.519436
-1.225772 0.272491 -0.146989
-1.135140 0.267654 -0.141334
0.285460 -0.354738 0.279199
-0.063132 0.000656 0.015773
-0.319839 -0.040138 -0.243294
0.098800 0.020038 -0.003884
0.312272 0.174518 0.049703
-0.046711 -0.301268 0.235514
-0.288997 -0.012800 -0.021183
-1.422758 -0.173185 -0.367882
-0.206777 0.025247 0.045011
-1.191152 0.415031 -0.247395
-2.148841 0.428349 -0.352232
0.167583 0.065100 0.115570
-0.175559 -0.140225 0.150601
-1.046921 0.137153 -0.303141
0.128039 0.002250 0.177682
-0.086574 0.281495 -0.024042
0.070429 0.276567 -0.065538
0.542322 -0.104192 0.101139
0.109641 -0.138272 0.139899
0.034708 0.116714 -0.107287
0.204937 0.018934 0.050423
-2.134030 0.322043 -0.476894
0.335219 -0.057094 0.016984
-1.589633 0.622429 -0.596982
0.232481 -0.162802 0.150477
-1.919422 0.679841 -0.694523
0.137476 0.029031 0.106272
-0.729292 0.150981 -0.086200
-0.010049 0.075730 0.071589
0.419188 0.118270 0.102584
-2.286886 0.935917 -0.677157
0.231221 -0.345766 0.198115
-1.264106 0.235203 -0.522579
-0.728014 -0.003780 -0.202989
-2.376234 0.808593 -0.381181
-0.086221 -0.030952 0.020857
-2.125799 0.893125 -0.323963
0.106382 0.089944 0.233117
0.134900 -0.299664 0.203277
-0.782593 0.143587 -0.164717
-0.303546 0.142990 0.302290
-0.263056 0.022775 -0.007235
0.441857 -0.002092 0.174398
0.036096 0.194425 -0.071414
0.067910 0.077813 0.024311
0.481789 -0.251106 0.215305
0.031532 -0.098061 0.343659
0.469057 -0.470799 0.197247
0.518911 -0.286232 -0.024213
-1.774134 0.648329 -0.296214
-2.485212 0.105494 -0.316959
0.344641 0.176118 0.136954
0.120097 -0.010608 0.042389
-0.164932 0.060994 0.025628
0.165779 0.015578 0.108012
0.396324 0.144039 0.043761
-0.146684 0.079705 0.089168
-0.110876 0.367603 -0.030313
0.198632 -0.042511 0.127147
-0.034218 0.033048 0.208368
-0.154158 0.131237 -0.007166
0.106776 -0.286944 0.149867
0.398082 0.302279 0.227096
0.324373 0.216704 0.198324
-0.567410 0.339115 0.103151
0.018392 0.322853 -0.003238
-0.222323 0.064098 0.189897
0.498099 -0.019323 0.091785
-0.386752 0.253549 -0.074797
-1.925285 0.796164 -0.723829
0.491189 -0.183230 0.166330
-0.869702 0.287664 -0.190061
-1.058174 0.174348 -0.359314
0.022464 -0.250724 0.170075
0.410771 0.106095 0.182759
-0.259169 0.261579 -0.074126
0.077110 -0.200808 0.099827
0.285757 0.020803 0.036250
-1.395081 0.597780 -0.416268
0.092275 0.051079 0.160747
0.249175 0.178979 -0.041612
0.372876 0.184315 0.074436
0.034315 -0.050407 0.141005
-0.091089 0.311274 -0.032684
0.127286 0.204547 0.026001
-0.153017 0.051435 0.047802
0.465168 -0.296393 0.136963
0.442032 -0.018152 0.096321
0.328887 0.004839 0.032255
-0.578893 0.035424 -0.125253
0.401583 0.142228 0.299134
-0.155074 0.122880 0.133777
-0.002736 -0.010524 -0.056589
-0.779075 0.095892 -0.190066
-2.155558 -0.308167 -0.544074
-1.125191 0.323931 -0.288713
0.030110 -0.309434 0.093870
0.171370 -0.223425 0.194841
-1.157816 0.292947 -0.159663
-0.477986 -0.028966 -0.127750
0.364847 -0.359131 0.243779
-0.215069 0.053369 0.045184
-0.122604 -0.012541 0.066955
0.050501 -0.054539 0.042240
-1.496300 0.304897 -0.339691
0.464414 -0.060375 0.199782
-0.297495 0.049833 -0.028765
-0.031477 0.205854 -0.055532
0.315859 -0.058952 0.135379
-0.988934 0.060248 -0.364980
0.336381 0.079405 -0.026899
-1.383277 0.362891 -0.209686
-0.191377 0.073477 0.088620
0.449030 -0.219497 0.152698
0.097346 -0.185769 0.149090
0.108197 -0.200741 0.138526
-1.076949 0.175332 -0.068200
0.210126 -0.216931 0.146531
-2.122845 0.463281 -0.308463
-0.670972 0.241140 -0.116404
0.097095 -0.003790 0.113479
0.392467 -0.401175 0.253166
0.336504 -0.224356 0.208208
-2.248474 0.913674 -0.496997
-1.918686 0.582997 -0.303890
-0.191854 0.042372 0.072880
0.589403 -0.286494 -0.074741
0.037078 0.023467 0.254822
-1.027129 0.191619 -0.073750
0.145483 -0.026995 0.051065
0.463507 -0.415414 0.102995
-2.137487 -0.030133 -0.562447
0.215362 0.197386 0.014182
0.097137 0.367617 -0.016097
0.170379 0.009443 0.072060
0.193715 -0.025521 0.061203
0.443421 0.006300 0.149008
0.493766 0.002226 0.090536
0.169194 0.117178 0.142416
-2.317389 0.819456 -0.328171
-2.018514 0.332869 -0.327582
-0.426543 0.082954 -0.389260
-1.387077 0.316987 -0.465691
0.121295 0.126117 0.001519
0.086657 0.072534 0.293639
0.185378 -0.021928 0.229221
0.418922 -0.487206 0.183272
-1.646367 0.624663 -0.663336
0.219773 0.225404 0.063936
0.090516 0.134293 0.083389
-0.023610 0.010095 -0.155962
-0.072862 0.000426 0.026422
0.481143 -0.237775 0.212880
0.328064 0.090702 0.039659
0.182159 -0.419393 0.287940
-1.831973 0.801052 -0.461173
0.513872 -0.179142 0.121781
0.204899 0.039510 0.034165
0.363443 -0.400939 0.275776
0.263723 0.076901 0.151255
0.176045 -0.246431 0.161874
-1.565958 0.638662 -0.593475
-0.460708 0.002832 -0.174514
0.228832 -0.211576 0.218988
-2.408133 -0.174715 -0.516976
-0.115629 0.189045 -0.031781
-1.151612 0.344118 -0.163632
-0.030034 0.359454 -0.025790
-0.161448 -0.040549 -0.015739
0.165011 0.014124 0.061500
0.257117 -0.089224 0.056433
0.478741 -0.000478 0.117510
0.410596 0.170068 0.119485
-0.086656 0.026944 0.034533
-1.410850 0.481644 -0.261885
-2.320019 0.188725 -0.370051
0.074063 0.157764 -0.001657
-0.368078 0.000852 -0.096985
-0.054409 -0.200411 0.127895
-2.330684 0.232572 -0.822571
0.179851 -0.113408 0.063583
-0.144439 -0.003602 0.008136
-2.214531 -0.253254 -0.531527
0.226176 0.083958 -0.054070
0.104486 0.193461 -0.117135
0.475073 0.132239 0.087302
-0.021544 -0.028827 -0.015627
0.063737 0.107745 0.029170
-0.860196 -0.017222 -0.238090
-1.576939 0.491807 -0.275489
-0.605712 -0.001404 -0.046804
-1.740156 -0.005136 -0.506914
-1.013048 0.326891 -0.282915
-0.013812 0.334437 -0.013575
0.266360 -0.034121 0.058877
-0.221252 0.039933 0.042541
-0.090740 -0.263159 0.179507
-1.400968 0.559290 -0.367374
0.191192 -0.261295 0.041244
-3.041994 -0.127578 -0.530683
-0.093775 0.093858 0.078805
0.038802 0.195890 -0.054390
-0.678452 0.144523 -0.181901
0.400146 -0.322977 0.244006
0.419607 -0.285630 0.135296
0.441283 -0.378159 0.162316
0.132229 -0.052719 0.145177
-1.074033 0.150562 -0.314479
-0.630047 0.199836 -0.026309
-1.952087 0.886173 -0.716304
0.275305 -0.373428 0.199918
0.009305 -0.391549 0.200093
-1.107262 0.184109 -0.330827
-0.929702 0.218101 -0.247955
-2.035830 0.222805 -0.354972
-0.029772 0.403518 -0.023959
0.130550 0.201772 -0.001958
-1.647667 0.292896 -0.242692
-0.503781 0.139070 -0.063944
0.169417 0.206493 0.005409
-0.236637 0.108572 -0.009848
-0.864938 0.162532 -0.190002
-0.486239 0.084199 -0.148030
-2.443560 0.235338 -0.294652
0.185207 0.170635 0.318473
-0.103285 0.270989 0.594961
-0.172182 -0.011929 0.115781
-0.997844 0.201616 -0.158538
0.179978 -0.142853 0.190924
0.289420 -0.091619 0.166939
-0.834343 0.237844 0.411358
0.414798 -0.240293 0.012707
-0.085460 0.173021 -0.032175
-0.654827 -0.005535 -0.180227
0.396274 -0.234718 0.153904
0.117766 -0.076722 0.057004
0.229932 0.115736 0.051326
0.165563 0.078643 0.021838
0.386102 -0.356115 0.230477
-0.033683 0.076129 0.051973
0.345003 -0.239654 0.171594
-1.245523 -0.055568 -0.398581
0.045660 -0.087841 0.080797
-1.894532 0.820675 -0.328729
-0.047490 0.040312 0.073058
0.121050 -0.066281 0.114666
-0.049456 -0.108183 0.236201
-2.419645 0.843189 -0.312900
0.192944 -0.150106 0.115874
-0.613031 0.056838 -0.144051
-2.185257 1.023363 -0.441214
0.508937 0.199799 0.111365
0.379931 0.274309 0.157560
-2.183443 0.558384 -0.301398
-0.122739 -0.052894 0.052223
0.040042 -0.052945 0.101456
0.306170 0.178448 0.004013
-1.951693 0.687326 -0.314266
0.011114 0.227331 -0.089215
0.452411 -0.064960 0.121134
-2.148222 0.795886 -0.747275
-0.887963 0.028508 -0.228422
-1.399840 -0.115090 -0.403230
0.487332 -0.049318 0.097537
-2.406335 0.924433 -0.497195
-2.030279 0.718799 -0.723676
-0.173348 0.011961 0.006475
-0.004549 -0.065383 0.049956
-1.751992 0.622885 -0.739744
0.406253 0.156781 0.209907
-0.160414 -0.011649 -0.024320
0.162107 -0.391049 0.269009
-0.693188 0.127490 -0.090337
0.029844 0.156363 -0.134631
0.319136 0.208852 0.169784
0.411910 0.210128 0.310166
-0.551318 0.238623 0.094595
-0.109374 0.286237 -0.029928
0.015356 -0.078041 0.062882
0.060348 -0.143425 0.237376
0.044702 -0.305027 0.218932
0.360320 0.081628 0.088524
0.426982 -0.171582 0.159458
0.407695 -0.124690 0.149284
0.322536 0.175318 0.165682
0.440390 0.000829 0.124515
0.428533 -0.304058 0.119994
0.563895 -0.082489 0.092781
-0.093781 0.135134 0.175595
0.082632 0.301758 0.331016
0.098257 0.173505 -0.088318
0.198184 0.122738 0.227564
-0.979134 0.162325 -0.045936
0.064994 0.282423 0.005406
-0.029297 0.173017 0.039066
0.432067 -0.212007 -0.039697
-1.575041 0.272273 -0.176880
-2.551756 -0.191472 -0.498167
0.526435 0.014366 0.050799
-2.278971 0.516317 -0.378661
0.437837 -0.108677 0.179647
-0.163810 0.225359 -0.029580
0.327499 -0.041021 0.036766
-2.202506 0.863052 -0.271532
0.308805 0.156720 0.017918
0.284657 0.123204 -0.037652
-0.254385 0.201145 -0.532516
0.508017 -0.018113 0.101388
0.142668 0.144031 -0.037403
-2.614450 0.169306 -0.348106
0.271928 -0.267603 0.086441
-1.767904 0.548634 -0.315910
0.282106 -0.021668 0.147199
-0.670125 0.270911 -0.119722
0.260519 0.165169 0.158398
0.098881 -0.000993 0.022085
-0.119785 0.233593 -0.040755
-0.061572 0.157233 0.046045
-0.167091 -0.005084 -0.060491
0.364722 0.069352 0.061365
0.114361 0.042614 0.079235
-0.018979 0.030913 0.324158
-0.003671 -0.010336 0.241738
0.306848 0.173442 0.089667
0.465367 0.081319 0.092365
0.011263 0.203386 -0.062579
-0.192163 -0.002868 0.142176
-0.490965 0.062742 -0.098198
0.519078 -0.044939 0.119936
-0.085216 0.050842 0.065954
0.151460 -0.081539 0.045589
0.173110 -0.018309 0.194433
-0.234483 0.022744 0.072915
-0.207463 0.127608 0.002621
0.412470 0.147792 0.172550
-0.455268 0.247397 -0.071258
0.369205 -0.323910 0.147292
-0.073278 0.342600 -0.006521
-2.098376 -0.256507 -0.599824
0.032978 -0.024468 0.195403
-1.390771 0.474225 -0.402396
0.058007 0.240580 -0.049350
0.072471 -0.198227 0.121257
-0.212608 0.095071 0.190472
-0.197515 0.164501 0.038341
-0.720643 0.094683 -0.098169
0.371661 0.160742 0.101230
0.462958 0.233172 0.049606
-1.103655 0.265022 -0.249634
-1.077319 0.310407 -0.130690
-0.331276 0.006607 -0.051927
0.563803 -0.057456 0.083623
0.252594 0.039042 0.008216
0.271534 0.037444 0.007779
-2.070070 0.827986 -0.655914
0.246827 0.082105 0.090435
-0.144984 -0.020741 0.079794
-0.065795 0.003893 0.029249
-0.476213 0.271827 -0.107069
0.385302 0.025137 0.102266
-0.497737 0.023170 -0.129243
0.325852 -0.004115 0.022499
0.066530 -0.035372 0.280552
0.432575 -0.134672 0.204079
0.087654 -0.204119 0.128786
-0.840484 0.076841 -0.262927
0.191627 0.052424 -0.003653
0.175640 -0.201257 0.057889
-2.375620 -0.204743 -0.529260
-0.131648 0.266409 0.003552
0.479857 0.350539 0.299193
-0.025093 0.279350 -0.021866
0.218963 -0.302332 0.196707
0.407616 -0.428030 0.228350
-0.578367 0.076695 -0.091261
0.225332 -0.120325 0.270806
-0.054996 -0.079836 0.105309
0.383472 0.042403 0.217427
-1.203937 0.288172 -0.419255
0.005417 0.120175 0.076258
0.507608 0.016993 0.057457
-1.963908 0.747293 -0.383313
0.137881 0.038580 0.106396
0.403028 -0.270772 0.212555
0.140375 0.228206 0.004569
0.334526 -0.116915 -0.046200
0.317746 -0.264125 0.041660
-0.116175 0.175504 -0.075262
0.008070 0.045918 0.115477
-2.273129 0.875819 -0.282208
0.054689 -0.030231 0.179631
0.218829 -0.090292 0.130296
-0.096904 -0.006016 0.034446
0.559380 -0.364103 0.000935
-0.066753 -0.043953 0.043342
0.136517 -0.246109 0.182408
-0.180027 0.071101 0.013783
-1.288715 0.477726 -0.238698
0.419533 0.122799 0.066043
-2.071227 0.497324 -0.391777
0.140715 -0.102306 0.103518
-0.962006 0.116625 -0.263831
0.263147 -0.345553 0.285771
0.469678 -0.356642 0.200807
0.233487 -0.262990 0.162838
-0.136374 0.088823 -0.014322
-1.945982 0.672817 -0.712845
0.112827 -0.155650 0.232428
0.223468 -0.100182 0.121361
0.029142 0.025492 0.035193
0.090996 -0.033492 -0.003843
0.396945 -0.412537 0.233611
-0.844835 0.104787 -0.534430
-0.927986 0.240171 -0.272716
-2.251632 0.743016 -0.720220
-2.260175 -0.223596 -0.609496
-1.827953 0.890306 -0.450232
0.088860 -0.176297 0.095449
-1.254331 0.431270 -0.365449
-0.843469 0.069325 -0.197661
0.439042 -0.286134 0.141394
0.512930 -0.180302 0.128932
0.064833 -0.079882 0.169514
0.337598 -0.027348 0.093637
0.431075 -0.237548 0.211223
-1.297766 0.453295 -0.372540
0.467419 0.133361 0.285957
-0.557532 0.050061 -0.132897
0.088083 0.055382 0.073335
0.127617 0.180584 -0.142085
0.333052 0.194074 0.160521
-0.987174 0.160638 -0.322942
-0.959084 -0.046980 -0.357013
0.473570 -0.292163 0.170742
0.079242 0.180822 -0.058271
0.261818 0.030881 0.045276
-0.776926 0.007363 -0.186939
-1.722035 0.364135 -0.460991
0.196400 0.040024 0.133786
0.269965 -0.027920 0.091213
-1.648929 0.824233 -0.590658
0.116668 -0.137130 0.173467
0.469469 0.073717 0.117810
-0.184174 0.028605 0.079635
0.209888 0.069377 0.120823
-1.840316 -0.028234 -0.589510
0.124297 -0.068158 0.278979
0.197328 0.062536 -0.160836
0.047597 0.018223 0.106011
-0.009559 0.292767 -0.056556
0.132099 0.053797 0.265374
0.217890 0.153843 -0.051273
0.061741 -0.004518 -0.043816
-0.053279 -0.035672 0.001495
0.334301 0.127733 0.043859
-0.072846 0.363982 -0.042827
-1.357553 0.315171 -0.173275
-1.259642 0.133448 -0.468779
-1.547084 0.596217 -0.593163
0.168755 0.014446 0.028940
-0.289327 -0.059229 -0.338521
0.360098 -0.177549 0.146968
-1.046419 0.270321 -0.136974
0.190749 0.029330 0.090638
0.377307 0.064465 0.134226
-0.204088 0.104218 0.045645
0.338045 -0.394969 0.235854
-0.438585 0.047525 -0.106948
0.189212 0.189448 -0.091915
-1.374162 0.331173 -0.206653
-0.156704 0.230612 -0.038567
-0.010362 -0.311914 0.194453
-1.121060 0.235352 -0.119822
0.099136 -0.064932 0.054841
0.498891 0.129128 0.109205
-0.067827 0.167369 -0.036680
-0.086572 -0.134781 0.088438
-0.859899 0.251404 -0.207972
0.403004 -0.394376 0.235570
-1.928124 0.477360 -0.263704
-0.023599 -0.376718 0.183290
-1.698885 0.255111 -0.262605
-0.036804 0.011248 0.087338
-0.120313 0.336180 -0.004022
0.136208 0.130950 0.001456
-0.156645 0.067859 0.196864
-0.110657 0.103124 0.100343
-2.177099 0.296632 -0.338939
0.180747 -0.163964 0.100067
0.227946 -0.223221 0.154178
0.105175 0.251318 -0.004880
0.231191 -0.194299 0.052365
-0.903433 0.187724 -0.032081
-0.060935 0.280307 -0.022404
-2.307888 1.034928 -0.399825
-0.176525 0.153972 0.220219
0.116122 0.050349 0.180711
-0.264876 0.059815 0.003857
0.363285 0.139704 0.069856
0.140759 -0.298860 0.176579
0.427853 -0.068063 0.106214
0.482742 -0.038441 0.033308
-0.295319 0.006059 -0.024140
0.390021 -0.285743 0.213707
0.042268 0.021738 0.117527
0.017184 -0.047928 -0.036355
0.399694 0.056225 0.093854
-0.199709 0.015911 0.046706
-2.966666 -0.267653 -0.573880
-2.806146 -0.493915 -0.592744
-0.775986 0.239774 -0.067462
-1.153203 0.370597 -0.235059
-0.539489 0.340683 -0.067231
0.260675 -0.253151 0.198091
0.042760 -0.310674 0.138999
0.149423 -0.032669 0.258919
-0.471802 -0.027053 -0.113753
-0.712434 0.043435 -0.539936
0.186405 -0.225471 0.166461
-2.309649 0.246831 -0.367423
-2.006299 0.905598 -0.489310
0.086012 0.024826 0.150479
-0.357932 -0.014989 -0.078943
-0.005184 0.035916 -0.000060
0.255232 -0.098391 0.161281
0.175895 0.049039 0.107555
-0.743663 0.155159 -0.378325
0.462709 -0.375019 0.153791
-0.106055 0.014258 0.061677
-2.826712 0.030212 -0.767443
0.064434 -0.260528 0.215449
-1.044814 0.127577 -0.026954
0.240559 -0.165533 0.050621
0.061999 0.377429 -0.035498
-0.077089 0.246446 -0.030317
0.311787 -0.336909 0.228280
-1.940557 0.710441 -0.728614
0.370885 -0.393064 0.269279
0.484175 0.018080 0.099581
0.352571 -0.251987 0.202076
-2.406132 0.750203 -0.344331
0.118114 0.107876 0.351661
0.177423 0.090305 0.080006
0.185558 -0.105789 0.025411
0.244266 -0.231909 -0.025501
-1.099260 0.200097 -0.097488
-1.106779 0.319481 -0.278550
-0.700912 0.097925 -0.162064
0.145108 -0.011136 0.001263
0.222133 0.052898 0.019288
0.349868 -0.118041 0.158108
-0.658989 0.034611 -0.153120
-0.907782 0.257139 -0.107664
0.347956 0.059463 0.072018
-0.266280 -0.004158 -0.077382
-0.159103 0.199266 0.208441
-0.331319 0.190904 -0.090528
-0.319056 0.078507 -0.041170
0.091710 -0.055708 0.083969
-2.405137 -0.047178 -0.703399
0.403572 -0.305861 0.242509
0.173709 0.105457 0.035411
-0.044832 -0.085163 0.159863
-1.716358 0.733049 -0.348761
0.059364 0.069525 0.083189
-0.902623 0.137630 -0.056842
-2.363527 0.818577 -0.317624
0.480592 -0.128698 0.168655
-0.100377 0.000903 0.042762
-0.588180 0.165575 -0.514133
0.243956 0.008194 0.149843
0.352433 -0.391507 0.221136
-2.351685 0.346174 -0.373027
0.456866 -0.162676 0.184522
-0.721848 0.100543 -0.194088
-0.198394 0.158956 0.011971
-0.359551 0.009129 -0.074573
-0.211478 0.066286 0.121767
-0.572174 0.153682 -0.069502
-1.784758 0.832381 -0.565971
-2.309668 1.004280 -0.470917
0.284427 -0.220847 0.010909
-1.242077 0.281159 -0.194831
0.441333 -0.100810 0.171428
0.545453 -0.106372 0.120048
0.169860 0.120161 0.111498
-1.136258 0.216192 -0.332210
-2.063396 0.390536 -0.317368
-2.497494 0.170629 -0.823386
-1.811184 0.450448 -0.705958
0.192153 0.069571 0.089988
0.259728 0.139628 0.045603
0.439443 -0.396949 0.217934
0.479205 0.150435 0.092157
0.123472 -0.328611 0.118042
-1.422163 0.529457 -0.319242
0.139624 -0.217094 0.357886
-0.069521 0.220689 -0.020213
0.470585 -0.286176 0.168909
-1.420419 0.407509 -0.245220
0.433091 0.036403 0.022158
-1.511780 0.146805 -0.540096
0.123298 -0.112471 0.165630
0.121539 -0.344517 0.113132
-0.134798 0.222057 -0.012751
-1.431897 0.634257 -0.447921
0.413580 -0.315556 0.126463
-1.987672 0.663049 -0.345046
-0.416384 -0.061122 -0.098473
-1.166441 0.122718 -0.406817
0.132871 0.155152 0.076449
-2.182393 0.425945 -0.382502
-1.239154 0.389672 -0.393549
0.250695 0.152145 0.098566
-0.837226 0.226533 -0.274358
-1.808221 0.374484 -0.274275
-2.225625 -0.030130 -0.489123
0.134156 0.075887 -0.085907
-0.976624 0.125136 -0.284243
0.013202 0.366227 -0.030745
0.525385 -0.369028 0.024457
-1.666154 0.497384 -0.336079
-1.128432 -0.000707 -0.273366
0.204364 0.061404 0.062558
-1.276554 0.113033 -0.298918
0.242419 -0.081471 0.035907
0.116871 0.187625 -0.025953
-0.004243 0.064273 0.229436
0.116659 -0.351640 0.241538
0.278558 0.117436 0.032602
-1.256271 0.425367 -0.246602
-0.049710 -0.086244 0.087104
-1.735467 0.344571 -0.270835
-1.226399 0.358159 -0.173558
0.373474 -0.331445 0.153734
-2.522400 -0.007916 -0.260933
0.275182 -0.186223 0.018401
0.337083 0.197616 0.166073
-1.613365 0.699165 -0.387888
0.503949 -0.057146 0.105238
0.013220 -0.066899 0.067562
0.361964 0.014521 0.094561
-2.049203 0.828140 -0.750528
0.132285 -0.189063 0.130266
-1.367214 0.500429 -0.518592
0.120396 -0.110529 0.103132
-2.069147 0.548888 -0.291120
0.087289 -0.001001 0.132033
0.356967 0.040923 0.011281
0.234042 0.011162 0.024821
-0.295703 0.011853 -0.086430
0.435588 -0.318351 0.223053
0.082882 0.166336 0.043156
0.022245 0.294932 -0.032872
-0.124907 0.007919 0.017880
-0.016103 -0.097467 0.171415
-2.176379 0.934027 -0.494865
0.036418 0.149988 0.308150
0.201477 0.243155 -0.011511
-0.026793 0.050707 0.093244
0.457301 -0.442747 0.226913
-2.511592 0.027056 -0.314795
-0.771300 0.263037 0.203882
-1.077236 0.307862 -0.152373
0.511849 -0.293619 -0.079076
0.129657 0.329372 -0.002209
-1.095891 0.205735 -0.344246
-0.080985 0.048014 -0.203468
-0.208804 0.024653 0.055274
0.390555 -0.272374 0.184499
0.350331 0.199866 0.175197
-2.270620 0.234663 -0.363682
0.007489 0.331188 -0.000882
0.071333 -0.009110 0.094468
-0.203101 0.040681 0.069541
0.129624 0.058942 0.064253
0.074189 0.236705 0.002776
-0.055652 0.218816 0.225194
0.082377 -0.093912 -0.006306
0.227694 -0.214680 0.149393
-0.140086 0.097722 -0.045594
0.120407 -0.146259 0.291566
0.085867 0.120374 0.314614
0.405204 0.142873 0.089284
-0.255583 0.046565 -0.039485
-2.352242 0.083604 -0.336133
0.137950 0.027559 0.060132
0.097826 -0.048612 0.055686
0.078848 0.144235 -0.017734
0.174706 -0.005427 0.070738
-0.167004 -0.099602 0.080497
-0.635485 0.149591 -0.048899
0.375616 -0.377688 0.287566
-1.478779 0.357561 -0.244550
0.186651 -0.197281 0.105473
-2.124578 0.784612 -0.784783
0.016726 -0.020147 0.032077
0.395540 0.031711 0.154872
-2.612859 0.143731 -0.274230
0.052658 0.314510 -0.008856
-0.525096 -0.017902 -0.133389
-1.604481 0.563532 -0.289591
-0.007763 -0.260477 0.198726
0.455205 -0.224982 0.131362
-0.059699 -0.019451 0.033233
-2.400063 0.940400 -0.428662
-2.328225 0.834530 -0.301173
0.197612 0.022573 0.038346
-0.023003 -0.360821 0.155229
0.213646 0.104436 0.057894
0.323475 -0.222943 0.162909
-0.002037 0.229577 0.014998
-1.024328 0.290872 -0.234697
0.375256 -0.010489 -0.005431
-1.113153 0.248954 -0.365609
0.082512 -0.212281 0.131377
-2.301685 0.291657 -0.556988
-0.107643 0.192251 -0.037060
-2.196583 0.759605 -0.279642
-0.968729 0.179359 -0.283016
-0.149606 -0.053504 0.132490
0.079470 0.067997 0.096306
0.438751 -0.045503 0.073340
0.201315 -0.424520 0.250545
0.151059 -0.145462 0.120011
0.464784 0.009841 0.138739
-0.648750 0.072033 -0.245236
0.086863 0.145355 -0.190650
0.018038 0.142606 0.073746
-0.005871 -0.138561 0.107952
-1.579449 0.567983 -0.697018
-0.886928 0.094415 -0.227958
-0.228347 0.036405 0.149976
0.335509 -0.219417 0.162937
0.181229 -0.168923 0.139776
0.230012 -0.110773 0.054609
0.486067 0.101538 0.222243
0.003331 -0.143618 0.149762
0.498465 0.003200 0.110577
-0.204855 0.124168 -0.007556
0.328037 0.114459 0.113705
0.181255 -0.018037 0.173375
-1.865601 0.874543 -0.498941
-0.137075 -0.043407 0.104973
-1.588646 0.374877 -0.603423
0.449414 -0.166105 0.202736
0.137528 0.030843 0.352166
-2.189805 0.890422 -0.751795
0.464075 -0.249131 0.143669
-0.064569 0.328290 -0.019036
-0.056293 0.206235 -0.033639
-0.210227 0.154268 -0.001546
-2.613126 0.155787 -0.669976
0.229006 -0.266544 0.237779
0.392871 0.005734 0.043973
-0.022106 0.324352 -0.017758
-1.503422 -0.035142 -0.541206
0.336712 -0.180540 0.030137
-0.889794 0.188917 -0.205933
0.389835 0.289090 0.279760
-0.010302 0.048761 0.072863
0.231633 0.068663 -0.039535
-0.538105 0.061265 -0.092812
-0.090955 0.329050 -0.025076
-0.518131 0.086952 -0.085251
0.386363 -0.170141 0.025300
-0.140228 0.238827 -0.071670
0.009206 -0.165823 0.170259
0.434217 0.298242 0.232805
0.016878 0.155565 -0.059501
0.206293 -0.151439 0.136924
0.396744 0.145166 0.113919
0.347016 0.264559 0.191327
-1.167075 0.459081 -0.383644
-0.638834 0.002389 -0.203886
-2.778618 -0.096408 -0.732285
-2.508027 0.130944 -0.343801
0.489660 -0.128178 0.110919
-0.178743 0.050163 0.016708
-1.870917 0.340355 -0.323882
-0.591437 0.006797 -0.183251
0.093392 -0.020574 0.321581
0.395251 0.148639 0.070459
0.131143 0.111040 -0.033168
-1.139752 0.197745 -0.337300
-0.150180 -0.000654 -0.036819
0.333285 -0.143591 0.186781
0.094930 -0.340947 0.195702
-0.408120 0.180051 0.299521
0.409980 -0.145405 0.147455
-0.032621 -0.003384 0.024026
0.400036 -0.379958 0.254082
-0.154450 -0.010307 -0.012306
-0.978148 0.037433 -0.302380
-2.082702 0.819904 -0.318114
0.428727 -0.342742 0.117844
-0.679450 0.173834 0.015268
0.246299 0.237494 0.249515
0.353915 -0.230420 0.025856
0.089521 0.093423 0.152886
0.009757 -0.324095 0.135193
-0.135070 0.058870 0.036029
0.468741 0.142327 0.138258
0.088047 0.066215 0.185671
0.411985 0.256876 0.190913
-0.146017 0.045698 0.018487
-0.055295 0.059238 0.070560
-0.808005 -0.005512 -0.215299
-0.221271 0.062986 0.034528
-0.026845 0.029911 0.074553
-1.898081 0.810376 -0.723543
0.362483 0.108302 0.080837
0.027079 0.208348 -0.095146
0.309867 0.106210 0.037288
0.057063 0.240716 -0.088391
0.210552 0.168118 -0.094949
-2.556456 -0.006305 -0.307160
-0.915259 -0.011738 -0.231772
-2.191567 0.489494 -0.320443
0.391037 -0.251652 -0.056715
-0.362099 0.283318 -0.091362
-2.190499 0.221758 -0.691713
0.144531 0.048339 0.002300
-0.208555 0.021317 0.044798
-0.193000 0.020027 0.023263
-0.948222 -0.029026 -0.330106
0.058003 0.051874 0.095288
-1.186877 0.211722 -0.529367
-0.960103 0.229752 -0.106916
-2.161065 -0.355119 -0.549461
0.424346 -0.342357 0.132831
-1.220714 0.257915 -0.375187
-1.391401 0.150764 -0.564688
0.108559 0.072330 0.020744
-0.140029 -0.000758 0.084536
-1.716980 0.676585 -0.753414
-0.130944 0.286381 -0.008624
-0.461617 0.165166 0.457022
-1.674760 0.485784 -0.293691
0.045881 -0.219667 0.156816
-0.144256 0.023846 0.015019
-2.049042 0.379934 -0.328052
-1.797990 0.849070 -0.429407
-0.674325 0.119998 -0.076502
0.142814 -0.077303 0.063549
-0.534304 0.284060 -0.071942
-0.024422 -0.039391 -0.037804
-1.979558 0.987995 -0.454724
-0.149197 0.118141 0.163960
-0.442985 0.004309 -0.160171
-1.019003 0.226645 -0.318789
-0.942411 0.185357 -0.263541
-0.670035 0.048183 -0.139789
0.009232 0.092838 0.059462
-0.183209 0.016470 -0.046662
-0.045755 -0.108442 0.127053
0.479832 -0.388256 0.054626
-0.146772 -0.041803 -0.002846
-0.787020 0.157492 -0.158119
0.429326 0.143167 0.072569
0.166294 0.086954 -0.023044
-0.785209 0.177177 -0.127014
-1.840056 0.563890 -0.301775
0.137253 -0.027613 0.030022
-0.146406 0.010550 -0.163131
0.085140 0.165976 -0.071302
0.411278 0.109169 0.096813
0.434960 0.192308 0.133926
0.047040 -0.026237 0.136100
0.420083 0.141618 0.200654
0.448610 -0.173634 0.085026
-1.917053 0.764124 -0.322275
0.421563 -0.004531 0.149540
0.018545 0.244463 -0.066872
-0.089899 0.012238 0.008726
-1.664247 0.662025 -0.585008
-0.069786 0.351758 -0.021133
-1.353976 0.508741 -0.339527
-2.333360 0.693720 -0.380063
-2.125197 0.751634 -0.763685
-0.464045 0.275308 0.201950
0.243736 -0.308408 0.108145
0.417149 0.143211 0.094832
-0.502335 -0.005026 -0.105346
-2.071253 0.731923 -0.741592
-2.481425 0.194315 -0.328224
0.491944 -0.253179 0.035815
-1.884085 0.092619 -0.530682
0.245846 -0.012604 0.053948
0.401812 -0.059885 0.102144
0.093724 -0.035486 0.063452
-0.083755 0.021675 0.086215
-1.580895 0.602202 -0.500641
0.237692 -0.027708 0.053679
-0.042371 0.020480 0.174651
-0.778956 -0.021127 -0.232243
0.224199 -0.337382 0.187060
-0.738984 0.254238 0.018722
-0.145588 0.419825 0.152140
-0.644452 0.148833 -0.181832
-0.127698 -0.022321 0.075110
0.381902 -0.340981 0.248492
-2.313222 0.779522 -0.343409
0.322710 0.099640 0.076681
0.416899 -0.277508 0.197578
0.432235 -0.194311 0.060271
-0.081324 0.013828 0.272283
0.186740 -0.127827 0.158065
-2.250008 0.863632 -0.732485
0.111136 -0.049921 0.072239
0.249911 -0.032741 0.024713
0.083762 0.307216 -0.007958
0.557215 -0.056545 0.086778
0.225525 -0.141344 0.209664
-0.801961 0.015942 -0.189981
0.187784 0.011511 0.101736
0.130297 0.015103 0.124920
0.496732 -0.317782 -0.001657
-0.071610 -0.007663 0.015016
0.204568 -0.261682 0.229715
0.455630 -0.371289 0.236992
0.168614 0.156092 -0.042734
-0.616108 0.065868 -0.146192
-0.242692 0.008095 0.036948
0.118339 0.134002 -0.044633
-0.188091 0.163434 -0.012337
0.429783 0.016996 0.110960
-0.566247 0.006433 -0.152743
0.032919 0.167884 0.050728
0.003236 -0.010026 -0.016940
0.387150 0.147283 0.129341
-0.750745 0.125781 -0.138673
-1.103192 0.255413 -0.115036
0.009116 0.201820 -0.062378
0.342944 -0.089661 0.014963
-0.145369 0.183430 -0.041938
0.489964 -0.255511 0.153186
-1.396679 0.336932 -0.171057
-0.308649 -0.052999 -0.125015
-0.166789 -0.014918 0.049803
-1.888773 0.346629 -0.550563
-0.098753 0.263423 -0.028359
0.210442 -0.135398 0.086745
-0.178717 0.111658 -0.017688
0.397892 -0.324851 0.225381
0.409441 0.216388 0.166322
0.267827 -0.045908 0.143968
0.158224 0.017980 0.007533
-0.022066 -0.313669 0.258655
0.483621 0.278062 0.276045
0.471780 0.104052 0.112743
0.238124 0.046676 0.019950
0.219975 -0.151521 0.104094
-2.315575 0.731533 -0.335073
-0.195213 0.049237 0.032871
-0.219769 0.064706 0.008488
-0.926151 0.105185 -0.253451
-1.156335 0.304827 -0.153518
-0.350669 0.059646 -0.069251
0.426186 -0.375575 0.254185
-1.017011 0.157824 -0.296083
0.223361 0.209522 -0.015779
-0.277748 0.248358 -0.065608
0.363796 0.182697 0.174602
-2.169116 0.925088 -0.342745
-1.113730 0.350002 -0.264900
0.202274 -0.149814 0.141471
0.396156 0.030588 0.063817
0.286391 -0.225681 0.057373
0.444958 0.170168 0.202131
0.042808 0.099834 0.064277
0.169826 -0.113431 0.119370
-0.469836 0.273059 -0.087247
0.178097 -0.212159 0.182184
-0.767312 -0.007187 -0.239136
0.338112 0.160087 0.020102
-0.102523 0.253114 -0.033144
0.154696 0.149916 -0.059599
0.459142 -0.356413 0.150788
-1.254824 0.412440 -0.346103
-0.125709 0.027967 0.049132
0.084970 0.222152 -0.012394
0.077827 0.220313 0.324741
-0.014040 0.074432 0.054096
-1.804809 0.858821 -0.541720
-0.104984 0.131867 -0.027964
-2.428525 0.130368 -0.335216
-1.551157 0.545192 -0.609535
0.334926 -0.204614 0.218004
-2.155901 0.773095 -0.294715
0.403736 -0.210911 0.149620
0.022875 -0.051736 0.082991
-0.092716 -0.049432 0.094746
0.031877 0.033097 -0.159124
0.381689 0.265138 0.221237
-0.099739 0.010180 0.024938
-0.792280 0.140582 -0.219670
0.378586 0.137975 0.132795
0.387904 0.269765 0.124727
0.226610 0.107703 0.112414
0.063318 -0.178803 0.207348
0.216684 -0.007506 0.056800
0.011295 0.276127 -0.032383
0.024600 0.209298 -0.086031
0.429814 -0.217783 0.186256
-1.444360 0.571342 -0.324586
-0.028792 -0.044050 0.058948
0.100051 -0.085970 0.152892
0.131971 0.006094 0.052538
-0.029556 0.055869 0.113215
0.130018 -0.054843 0.052388
0.417012 0.161701 0.113582
0.139769 -0.273987 0.090622
-0.335945 0.033816 -0.055908
-2.385806 0.821904 -0.339175
-0.180908 -0.048602 0.139729
0.141133 0.306664 -0.015261
-0.597550 0.141387 -0.074290
0.259589 -0.165798 0.172668
-1.943411 0.742569 -0.338165
0.458530 0.326311 0.237845
0.207059 0.034378 -0.040874
0.328851 0.149768 0.213305
-0.088207 0.348031 -0.021697
-1.701824 0.650054 -0.314546
-0.047083 -0.059941 -0.025659
0.180833 -0.435131 0.275680
0.285985 0.103130 0.058331
0.183468 -0.167911 0.089223
-1.457008 0.007640 -0.555501
-0.125754 0.310070 -0.012946
0.212647 0.023814 0.074685
0.414160 0.162454 0.209545
0.528322 -0.022048 0.071052
0.081390 0.035482 0.045478
-0.162884 0.239035 -0.042390
0.315329 0.154620 0.138912
-0.937106 0.053463 -0.290924
0.434348 -0.125066 0.192190
0.104147 -0.185751 0.228973
-1.280445 0.258203 -0.217440
-0.016327 0.342040 -0.004204
-0.552264 -0.015592 -0.147261
-0.647384 0.291658 -0.123559
-2.255973 0.620437 -0.339983
0.364472 -0.296493 0.209861
0.421654 -0.131095 0.183519
-2.152531 0.690047 -0.281548
-0.042707 -0.040939 0.042113
0.276745 -0.330012 0.117208
-2.271687 -0.158820 -0.520603
-1.868169 0.656404 -0.716805
-0.111124 0.051823 0.185598
0.114044 0.003401 0.012961
0.336971 0.140046 0.044437
0.157483 0.131292 0.072265
-0.161800 -0.036423 0.122005
-1.490954 -0.060552 -0.448558
0.461851 0.183652 0.098536
0.290895 -0.042590 0.128652
0.385033 0.079141 0.163714
0.279658 0.167387 0.117126
-0.161838 0.138097 0.202236
0.071652 -0.168159 0.197173
-2.330539 0.953940 -0.557737
0.169534 -0.157716 0.228220
0.430195 0.045109 0.103074
-2.263020 0.855420 -0.289465
-0.050992 0.136452 0.208460
0.099150 0.037233 0.127880
0.169338 -0.103829 0.126049
0.050832 0.151748 0.008762
0.015624 0.226658 -0.042244
0.291110 0.030970 0.047862
0.147585 0.184255 -0.101569
0.445648 -0.148052 0.173883
-1.046612 0.180223 -0.342239
0.149141 -0.071755 0.141164
-0.034198 0.068645 0.164469
0.152940 -0.030710 0.108789
-1.721582 0.306950 -0.259081
0.478158 0.011709 0.051503
-1.389972 0.580436 -0.399715
0.142431 0.092078 0.196748
-1.124133 -0.012995 -0.462740
0.104140 -0.326947 0.211249
-1.157348 0.336284 -0.300748
-0.971751 0.302436 -0.134675
-1.240077 0.404682 -0.343379
0.096075 -0.063875 0.101692
-1.585408 0.426712 -0.590099
0.451586 -0.257025 0.141903
0.132751 0.060704 0.166770
-0.109565 -0.087646 0.108410
-1.998565 0.783837 -0.735254
0.031188 -0.143702 0.122270
-0.324630 0.247110 -0.063208
0.267436 -0.228473 0.157525
0.006708 0.314780 -0.017835
-0.211158 0.029544 0.062526
-1.978691 0.691743 -0.710021
0.544510 -0.077606 0.104807
-0.093645 0.009483 0.031751
-0.671477 0.130973 -0.052599
0.023028 0.001081 0.271518
0.213487 -0.125641 0.057801
0.311211 0.131554 0.032842
-1.154950 0.359691 -0.170823
0.526532 -0.042526 0.099020
-0.287231 0.039888 -0.018376
0.411036 -0.393493 0.226685
-1.711683 0.481031 -0.333211
0.201322 -0.291912 0.177471
0.421950 -0.256226 0.137249
-1.410993 0.031766 -0.543060
-2.379813 0.417612 -0.349494
-0.176479 0.027540 0.043479
0.445114 0.226642 0.212724
0.030467 0.186606 -0.102983
0.474745 -0.293224 0.194584
0.449808 -0.065741 0.108706
0.287443 -0.012707 0.119484
-0.108166 0.086701 0.055891
0.458990 -0.171037 0.168142
-0.550811 0.055772 -0.124002
0.212241 -0.201205 0.122939
-0.200505 0.076471 0.184747
0.121282 -0.071056 0.081062
-0.254050 0.221199 -0.040911
0.432750 0.070177 0.107594
-0.071919 -0.103916 0.126172
-0.085754 0.199870 -0.262156
-0.847295 0.239505 -0.098702
0.001913 0.329664 -0.005731
-0.753747 0.122959 -0.135588
-0.197444 0.032698 0.054585
0.521519 -0.031755 0.092882
-0.165745 0.052913 0.057738
0.167041 -0.043538 0.234406
0.125312 -0.212718 0.133845
-0.430946 0.226511 0.197896
0.152969 -0.376505 0.239152
0.502683 0.000350 0.083380
0.432112 0.096638 0.110883
-1.838997 0.564731 -0.309093
0.273703 0.118523 0.131096
0.132322 -0.055820 0.245266
-0.873497 0.092792 -0.229731
-0.122569 0.104053 -0.033108
0.191926 -0.087782 0.261420
0.487224 -0.220766 -0.047840
0.419014 0.158769 0.110108
-0.127247 -0.014338 0.010048
-2.172344 -0.265999 -0.585461
-2.022265 0.734973 -0.316086
-0.194311 0.093917 0.149377
-1.508406 0.403657 -0.269993
0.354693 -0.384096 0.271697
-0.252753 0.119440 0.125307
0.016227 0.195365 -0.003429
-0.209945 0.148519 -0.406363
-0.198694 0.051998 0.125492
-0.056036 0.364064 -0.029633
0.479101 0.298433 0.178859
-0.101973 0.343175 -0.028275
-1.229029 0.416298 -0.210795
0.282971 -0.345933 0.245026
-1.747932 0.781337 -0.426245
0.247828 0.037102 0.014183
0.107958 -0.051840 0.012176
-2.266513 0.721731 -0.326472
-1.191063 0.329808 -0.354362
0.388195 0.140780 0.166551
0.065760 -0.316702 0.205807
-0.085390 0.101522 0.142407
0.380698 -0.394005 0.271888
0.283638 0.087788 -0.034960
-0.700917 0.285933 -0.143212
-0.918863 0.213152 -0.242887
0.090512 -0.296714 0.224557
-0.166919 0.228241 -0.012466
0.404502 0.031683 0.021953
-0.035451 0.280037 -0.034976
0.249203 0.150586 -0.043941
-1.578644 0.686718 -0.458940
0.548511 -0.047242 0.079219
0.210530 0.070927 -0.012601
-1.978736 0.350387 -0.325305
-0.622636 0.050803 -0.147495
-2.204926 0.877723 -0.292625
0.490754 -0.194193 0.135660
0.192528 -0.096519 0.181955
-0.064240 0.044373 0.063208
-0.039675 0.206189 -0.058867
-1.145387 0.213058 -0.073057
0.304276 0.150703 0.102015
0.536430 -0.015734 0.052013
-0.436099 0.039312 -0.124452
-0.206353 0.145460 -0.050870
0.405751 0.150400 0.066293
0.326554 0.197861 0.150107
0.084737 0.180151 -0.130692
-0.010847 -0.336754 0.203636
0.040272 -0.332087 0.136590
0.223273 0.044275 0.052311
0.011003 -0.115313 0.091739
0.034812 0.274641 -0.056229
-1.743635 0.564199 -0.301729
-0.112187 0.205350 -0.041833
-0.082490 0.316719 -0.029123
0.122916 -0.046061 0.025985
0.376218 0.170933 0.170275
-1.389107 0.504913 -0.462490
-2.352193 -0.212913 -0.551981
-1.075932 0.187486 -0.329310
-0.310057 0.269237 -0.056375
0.377081 0.004910 0.160729
0.140509 -0.148062 0.154556
-0.635949 0.106399 -0.153907
-0.076050 0.219179 -0.032391
0.059502 0.096756 0.291098
0.088203 -0.031225 0.029582
-2.264005 0.852861 -0.710743
0.495490 -0.008550 0.110024
0.085703 -0.081986 0.136554
-0.859987 0.158901 -0.026543
0.007347 0.097495 0.201292
0.338150 0.155950 0.316277
-0.713986 0.091129 -0.126177
-0.815708 -0.015006 -0.229243
0.162793 -0.253038 0.166350
-1.031444 -0.010955 -0.222744
0.447681 -0.094680 0.191441
-0.606998 0.175981 0.008874
0.400156 0.017550 0.135335
0.017649 -0.061556 -0.022927
0.129590 0.122140 -0.037778
-0.109020 0.153569 -0.028705
-1.645256 0.274373 -0.235829
-0.547073 0.242524 -0.387790
-0.504153 0.180863 0.317101
0.375192 -0.111610 0.177772
0.221275 -0.034146 0.092086
0.312075 0.072864 0.037653
-0.124078 -0.151909 0.161913
0.293969 0.088340 0.060334
0.211376 0.111685 0.274105
-3.072540 -0.123995 -0.550478
0.228015 -0.155038 0.257076
-0.580941 0.256635 -0.079919
0.214639 0.154128 0.043852
0.226859 -0.306407 0.223218
-0.951097 0.280852 -0.285605
-0.070555 0.047140 0.233465
0.426096 0.014157 0.144588
-2.992609 -0.142339 -0.577105
0.232378 0.097871 0.042246
-1.929666 0.844323 -0.371940
-0.326296 -0.006699 -0.051590
0.232912 0.113977 0.221222
0.042594 0.315153 -0.052197
0.116133 -0.002740 -0.009473
0.238384 -0.184240 0.019855
-0.122744 0.155666 0.001360
-0.155181 0.097114 -0.001366
0.374555 0.141308 0.040429
-0.499586 0.027656 -0.130018
0.289708 -0.055948 0.025380
-2.220249 0.311764 -0.350013
-0.109920 0.141997 0.180180
0.285944 0.103738 0.021201
-1.549080 0.295975 -0.225477
-2.499757 -0.134995 -0.437337
0.435024 -0.292492 0.127684
-0.003813 -0.311611 0.133141
0.273249 -0.318245 0.197868
-0.739146 -0.001622 -0.162444
0.442283 -0.068350 0.175422
0.292956 0.152552 0.168027
0.278837 0.140323 0.054081
0.340610 -0.363388 0.228883
0.426189 -0.316771 0.225194
0.459877 -0.229683 0.182001
0.096463 0.175585 0.007317
0.194859 -0.228245 0.162930
0.176359 0.034379 0.044958
-0.870335 0.114943 -0.272680
-2.040799 0.918560 -0.487319
0.002850 0.040117 0.268786
-0.115250 0.305716 -0.011825
-2.089076 0.504170 -0.327400
0.060068 -0.003799 0.140884
0.104338 -0.108337 0.288592
-1.035851 0.198904 -0.078327
-1.039211 0.201808 -0.300016
0.317435 -0.278238 0.139457
-0.206114 0.021495 0.033114
0.473183 0.120386 0.103500
0.061513 0.301159 -0.003940
0.030683 -0.141707 0.152351
-0.037548 0.091077 0.079633
0.221735 -0.192327 0.112306
0.000664 0.075361 0.245762
-0.003648 0.052671 0.072538
-2.187666 0.837849 -0.630097
0.437238 0.222212 0.254870
-0.177483 0.066574 0.015072
-1.033296 0.302766 -0.127518
-0.003855 -0.009092 0.006463
-0.119241 0.322272 -0.011003
-0.943683 0.257126 -0.002956
0.072816 0.169928 -0.293596
-2.234850 -0.290151 -0.540098
-1.354394 0.509026 -0.398459
-0.176015 -0.030883 0.139675
0.224138 -0.232514 0.152959
-0.389005 -0.011832 -0.085102
-2.271936 0.793143 -0.286792
-0.083775 0.115362 0.102779
0.427287 -0.044344 0.115516
0.075091 -0.261096 0.129447
-0.986188 0.158538 -0.052307
-0.206425 0.100537 0.197328
0.449370 -0.349212 0.196988
0.276988 0.003985 0.026413
0.472995 -0.303713 0.037309
-0.865719 0.186622 -0.216189
0.376622 -0.404364 0.243159
0.141487 -0.062483 0.258849
0.312105 -0.198105 0.174242
0.173802 -0.084999 0.113991
-0.133684 0.007608 0.077516
-1.129110 0.230456 -0.363637
0.379435 -0.397600 0.242491
0.100636 -0.193558 0.136717
0.448150 -0.371824 0.181462
0.040526 -0.335813 0.170828
0.120425 0.148028 -0.015845
0.205220 0.025714 0.084550
-0.066879 0.025262 -0.007765
0.421726 -0.114077 0.028713
-0.333146 0.122194 0.223060
-2.403542 0.868239 -0.425733
0.487972 0.022988 0.096052
-1.053911 0.255656 -0.301746
-0.002191 -0.024840 0.075081
0.054792 -0.019565 -0.035538
0.318413 0.082259 0.099981
0.241952 0.112748 -0.044070
0.032260 -0.274230 0.174807
-1.949837 0.859852 -0.563013
0.090951 0.035926 0.080243
0.358048 0.097650 0.062878
0.131418 -0.198413 0.116147
-0.121195 0.003021 0.036366
0.163591 -0.279675 0.256722
-1.824231 0.336043 -0.323106
0.382751 -0.354337 0.173233
0.341717 0.021285 0.101397
0.087092 -0.127640 0.101187
-2.629716 0.046299 -0.445020
0.343875 -0.239081 0.205642
0.233883 -0.104611 0.061511
-1.885786 0.863910 -0.468044
0.413290 -0.403053 0.257649
-0.307107 0.022977 -0.035392
0.109981 0.195206 -0.092170
0.414489 0.123998 0.153067
-2.222932 0.998686 -0.442865
0.327521 0.079003 0.218520
-1.955472 0.672138 -0.344959
-1.134593 0.350591 -0.198246
-0.015157 0.008158 0.194724
0.467689 0.220826 0.292574
-0.067723 0.013878 -0.076030
0.362964 -0.138290 -0.010878
0.115798 0.123821 -0.011080
-1.542440 0.666996 -0.533961
0.162437 0.026375 0.054615
0.374721 0.096223 0.118996
-2.577770 -0.024139 -0.369886
0.435468 -0.149077 0.136309
0.070980 -0.067012 0.121662
-1.715199 0.693558 -0.633707
0.258501 -0.075558 0.145630
-2.568335 0.169109 -0.316318
-1.997459 0.392118 -0.302382
-0.861471 0.188424 -0.227811
0.167555 0.031056 0.085319
0.180256 -0.139755 0.124301
0.425250 -0.244990 0.038742
-0.569584 0.072288 -0.107350
0.470294 -0.318058 0.170366
-2.434597 -0.129021 -0.446261
0.102940 0.094497 -0.094532
0.214495 -0.045326 0.055493
-2.221267 0.410791 -0.351148
-0.121507 0.251493 -0.009973
0.234989 0.009276 0.034042
-0.191241 0.046550 0.149867
0.338951 0.157684 0.187111
0.225963 -0.283811 0.277085
0.360233 0.032471 0.081172
0.417653 -0.000817 0.102024
0.424842 -0.452379 0.212418
0.425298 -0.311256 0.130395
-0.142489 0.035404 0.063669
0.338560 0.112493 0.078554
-0.023835 0.288096 -0.045294
-1.940231 0.821655 -0.647185
-0.559968 -0.013050 -0.133073
-1.287460 0.452583 -0.394287
0.054281 0.231598 -0.041369
0.119682 0.076698 0.086566
0.147189 -0.049391 0.251519
0.078661 -0.049131 0.065602
-0.773399 0.031631 -0.202651
0.209634 -0.026941 0.129056
-0.665605 0.287355 -0.105267
0.152101 -0.296396 0.084411
0.141195 -0.274406 0.096137
0.216000 0.133604 0.129512
-0.741275 0.073382 -0.175629
-0.001942 -0.034780 0.145449
0.318973 -0.250307 0.172923
0.290026 0.206721 0.023749
-1.488798 0.344661 -0.418188
-0.029964 -0.040808 -0.012006
-1.068086 0.230773 -0.110157
-0.959023 0.135135 -0.316894
-1.686314 0.624622 -0.728051
-0.513855 0.047910 -0.112318
0.092152 -0.069193 0.073477
0.365316 -0.342250 0.240077
-1.199313 0.359163 -0.180336
-0.040032 0.284791 -0.022137
0.387540 -0.395271 0.271334
-2.271247 -0.246656 -0.561121
0.451055 0.039593 0.050324
0.345276 -0.106619 0.162273
-0.106053 0.011130 0.070818
-0.044909 0.242927 -0.036886
0.110466 -0.108411 0.136236
0.201463 0.123223 0.007112
-0.045057 0.325775 -0.037434
-0.778659 0.249125 -0.104913
-0.063237 0.367245 -0.024685
-0.107008 -0.008052 0.000334
0.469423 -0.260412 0.145908
0.220619 0.067403 0.223247
0.290149 0.066124 0.118277
-0.204654 0.041486 0.132983
0.052785 -0.035675 0.039475
0.379349 0.062099 0.085185
-0.431282 0.035162 -0.094613
0.132367 0.037177 0.129546
-1.700240 0.645281 -0.594618
-1.214517 0.411308 -0.289767
0.434416 -0.266188 0.209812
-0.009194 0.199281 -0.038855
-1.185804 0.287427 -0.142054
-0.269588 0.000785 -0.117469
0.314513 0.027066 0.015951
0.037193 -0.232173 0.146595
-2.032172 0.793460 -0.749966
0.071409 -0.216017 0.186334
0.154856 0.018880 0.176913
0.031816 0.042883 -0.079032
0.003142 0.027626 0.080902
-2.963675 -0.308452 -0.562769
0.257319 0.150653 0.124865
0.063718 -0.049868 -0.009065
0.159553 0.226812 -0.014530
0.122416 0.228711 0.007945
0.208237 -0.206643 0.135848
0.115503 -0.039459 0.215584
0.278969 0.068954 0.019260
-1.619078 0.680087 -0.616571
0.219291 -0.191151 0.016676
-1.256785 0.277339 -0.144902
0.257413 -0.175070 0.019908
0.525901 -0.336259 0.001198
-0.005332 0.073289 0.086668
0.128119 -0.149102 0.110233
-0.211633 0.027658 0.055195
-0.795391 0.034453 -0.202524
0.157166 0.017643 0.050104
-2.353701 0.795829 -0.319400
-0.211753 0.030299 0.067071
-0.787266 0.127351 -0.139937
-0.003752 0.051350 0.097661
0.229746 0.185808 0.010973
-0.701949 0.123975 -0.093202
0.201339 0.046202 -0.038547
0.106397 0.045120 -0.139382
0.148309 0.045754 0.092486
-0.526366 0.058515 -0.106810
-0.729563 0.127415 -0.218397
-0.111259 -0.121749 0.139111
-1.127307 0.347656 -0.262216
0.128525 -0.052575 0.027471
0.125573 0.002998 0.186459
-0.184175 0.115918 0.176757
0.424630 -0.170897 0.188956
-0.216502 0.051310 0.030085
0.119247 0.309465 -0.007339
-0.096923 0.054508 0.077583
-2.015882 0.488947 -0.331563
0.012262 -0.012985 -0.033521
0.391157 0.015321 0.045140
0.466588 -0.228739 -0.033997
-1.013989 0.183716 -0.405690
0.165789 -0.089817 0.296691
0.148460 0.083500 0.177736
0.032693 -0.118929 0.234677
0.242278 -0.135008 0.039476
-2.218600 0.364363 -0.365699
0.374332 0.077956 0.077034
-0.044290 -0.177462 0.133266
-0.435655 -0.022899 -0.106001
0.088215 -0.028466 0.153554
-0.086218 0.313146 -0.033030
0.299653 0.214498 0.195334
-0.803223 0.081801 -0.419055
0.458633 -0.106438 0.192105
-2.415931 0.225201 -0.327942
-0.201372 0.150086 -0.001592
0.098418 -0.046477 0.044193
0.364537 0.125271 0.053644
-2.107327 0.791212 -0.305075
-1.112285 0.311443 -0.266108
-1.610494 0.447829 -0.586563
-1.582878 0.367709 -0.272753
-0.069197 -0.014217 -0.001043
0.451243 -0.196015 0.141570
-0.877408 0.015889 -0.474022
0.402001 -0.301660 0.233187
0.254951 -0.322855 0.274122
-0.441673 0.000970 -0.108728
-0.135693 0.088064 0.097695
-2.363395 0.522691 -0.354549
-2.233889 0.969755 -0.363276
0.032054 0.032771 0.101044
0.165956 0.297189 -0.002579
-1.569541 0.138771 -0.405760
0.104493 -0.000358 -0.010753
0.120105 -0.065067 0.254144
-0.154347 0.126001 0.185092
0.472923 -0.030181 0.093146
0.068305 0.106582 0.095987
-2.177889 -0.258521 -0.592723
0.359715 0.176668 0.162380
0.044385 0.307751 -0.002399
0.094733 0.250397 0.005844
-0.432374 -0.035334 -0.156651
0.408573 -0.099429 0.128680
0.076927 -0.024097 -0.024853
0.468404 -0.147458 0.179740
0.062118 0.011922 0.110235
-1.776361 0.265026 -0.552858
0.441194 -0.275701 0.217013
0.378254 -0.132645 0.061906
-0.100353 -0.019169 0.115821
0.397586 0.130750 0.062249
0.036880 0.159158 0.055204
0.475585 0.141652 0.193884
-0.173685 0.024283 0.058848
0.444729 -0.144096 0.159095
-1.126536 0.120831 -0.389779
0.397750 -0.379002 0.240867
-0.947210 0.060853 -0.274583
0.188725 0.251120 0.016129
-1.465020 0.562854 -0.306214
-1.807177 0.768146 -0.677567
0.088196 -0.258973 0.224984
-1.808733 0.419518 -0.296926
0.353881 -0.391154 0.239827
0.364243 0.217268 0.164299
0.304009 -0.080353 0.028081
-0.047736 -0.279736 0.180142
-0.038706 0.121268 0.231756
-0.048416 0.081357 0.016509
0.277283 -0.025107 0.122716
-0.865473 0.259823 -0.264880
-0.152184 0.018828 0.027488
0.393767 -0.380782 0.239244
-0.102360 0.346551 -0.021150
-0.545821 0.243884 -0.066123
0.453642 0.155360 0.267628
-0.599094 0.038893 -0.135830
-0.949565 0.130616 -0.268709
-2.037928 0.724757 -0.322823
-2.162535 0.252091 -0.353185
0.030561 0.114822 0.054486
0.105642 -0.009374 0.017403
-0.052616 0.193842 -0.041667
-2.345830 -0.212818 -0.557402
0.007297 0.341655 -0.040074
-1.449149 0.550085 -0.469060
-1.004125 0.130649 -0.288450
-0.020690 0.043777 0.245553
0.395689 0.036575 0.110754
0.026024 0.252016 -0.013136
-1.091561 0.293328 -0.145454
-0.031885 -0.068960 0.082302
-1.109127 0.265507 -0.135681
0.507596 -0.166051 0.121753
-1.419115 0.351104 -0.218269
0.449455 -0.153122 0.167330
0.244304 -0.185815 0.151587
0.216448 0.148686 0.017245
0.071368 -0.289619 0.151379
0.117081 0.027779 0.004012
0.248458 0.003247 0.095769
0.369832 -0.389574 0.240441
0.456886 -0.022920 0.129354
0.329641 0.134956 0.041765
-2.319448 0.954848 -0.469776
0.440341 -0.103051 0.172474
0.419921 0.032020 0.023552
-0.163304 0.172837 -0.030284
0.373119 0.249153 0.225999
0.358952 0.095787 0.141794
-0.641384 0.236424 -0.070380
-0.076350 0.284496 -0.024242
-0.045259 0.224059 -0.089225
0.386489 -0.245605 0.200993
-0.039574 0.070473 0.206795
-2.272510 0.899727 -0.564538
0.288468 0.094996 -0.034565
-1.285755 0.372955 -0.434043
-0.835380 0.068961 -0.215208
-0.200032 0.111159 0.016331
-0.203163 0.021123 -0.013603
-1.277186 0.402497 -0.223785
-0.146912 0.032730 0.067434
0.373398 -0.401619 0.276800
0.136095 0.060119 0.014516
-0.060017 0.233963 -0.014823
0.067257 0.180787 -0.060148
-1.564098 0.170133 -0.560968
-0.058872 0.078795 0.082521
-0.530582 0.100394 -0.079808
0.011752 -0.315438 0.174143
0.316612 -0.068947 0.151860
0.499534 -0.012183 0.099936
-0.860707 0.106149 -0.205814
-0.470520 0.286004 -0.092290
-0.198072 0.097686 -0.005423
0.192235 0.068498 -0.105387
0.263457 -0.245519 0.158706
-2.138167 0.783617 -0.719392
0.106185 -0.021100 0.189389
0.006813 0.272514 -0.031760
-1.989817 0.830083 -0.740740
0.228382 0.044635 0.051207
0.024709 0.056399 0.034995
0.060847 0.189268 0.023365
0.136589 0.057090 0.034452
0.173772 0.051322 0.048294
0.265810 -0.144574 0.029172
0.389297 -0.392972 0.268778
0.442568 0.133037 0.073567
-0.997976 0.294413 -0.195976
-1.013529 0.116898 -0.309897
0.127208 0.046686 0.064886
-0.083460 0.359033 -0.025556
-1.170285 0.235886 -0.116717
0.522845 -0.067442 0.108985
0.201103 -0.345747 0.243395
-1.241938 0.250925 -0.110964
0.431254 0.007994 0.104263
-1.509254 0.567760 -0.307929
0.369647 0.077270 0.084182
0.475656 0.021079 0.079293
0.114771 0.149685 0.330374
-1.421490 -0.231766 -0.417049
0.214944 -0.224390 0.058276
0.186479 -0.051702 0.248808
0.056602 0.082223 0.042748
-0.911866 0.252971 -0.186639
-0.282337 -0.007100 -0.066477
-2.551063 0.160826 -0.808259
-0.173358 0.160118 -0.019074
0.516808 -0.134785 0.117660
-2.095680 0.439746 -0.353905
0.271553 -0.214556 0.171646
-1.409221 0.089107 -0.428593
0.327039 0.044924 0.096755
0.163543 0.014407 0.175679
0.218482 -0.150724 0.073719
0.387717 -0.186504 0.150397
0.031009 0.090523 0.073558
0.093029 -0.029524 0.047285
0.463123 -0.305279 0.211181
-1.226734 0.299402 -0.386240
-0.155237 0.228840 -0.008916
0.457212 0.068443 0.091386
0.275711 -0.056668 -0.012440
0.059508 -0.197688 0.198164
-2.389037 0.825239 -0.331745
-0.681522 0.221934 -0.058554
-1.749740 0.148243 -0.522460
-0.293347 0.012346 -0.091546
0.447030 -0.232106 0.151945
-1.060732 0.152054 -0.306438
-1.374324 0.334424 -0.191742
-0.405908 0.323826 -0.064530
0.161529 -0.109146 0.101530
-0.043926 0.027303 0.057522
0.129750 -0.309799 0.259315
0.436421 -0.046048 0.090662
0.112242 -0.259522 0.212575
0.016650 0.265744 -0.035588
0.322377 0.006706 0.119047
-0.394758 -0.033034 -0.368307
-2.344028 0.891888 -0.378553
-0.379480 -0.000105 -0.124117
-1.132488 0.071873 -0.463805
0.409938 -0.105692 0.115175
-0.349153 0.043506 -0.056152
0.144813 -0.223895 0.146629
-2.099959 0.813475 -0.748720
-1.638624 0.491486 -0.299951
-0.294779 0.254255 -0.061504
-2.685889 0.109486 -0.645327
0.105434 -0.099463 0.088934
-0.047258 -0.122435 0.079491
-0.156368 -0.009816 -0.026455
0.101497 -0.226745 0.120668
0.056187 0.370579 -0.027609
-0.860719 0.175325 -0.017806
-2.127206 0.460264 -0.361371
-1.451372 0.004076 -0.477984
0.320014 0.038991 0.007737
-1.788819 0.655373 -0.739083
0.435019 -0.035286 0.165890
0.320601 0.019200 0.031063
0.354382 -0.243327 0.195132
-0.543721 0.181483 -0.519770
0.179835 0.084783 0.014021
-0.804128 0.225600 0.173925
0.292214 -0.110100 0.171698
-0.074095 0.245475 -0.029426
-0.921973 0.261149 -0.125816
0.416061 0.137290 0.058541
-1.964749 0.487155 -0.290563
0.085115 -0.274140 0.142960
0.051011 -0.114869 0.079753
0.170681 0.021231 0.112755
-0.198591 0.028638 0.055494
0.452702 -0.048579 0.085787
0.058705 -0.285612 0.098335
-2.281296 0.844449 -0.290573
-0.945099 0.226919 -0.084691
-0.289157 0.058640 -0.019589
-0.202710 0.026909 0.053957
0.398766 0.123710 0.107519
-1.393773 0.240349 -0.221995
0.177289 -0.233352 0.074953
-0.580044 0.202520 0.177982
-0.415457 0.253166 -0.114609
-0.138504 -0.030097 -0.202540
0.131447 -0.060343 0.058321
0.141518 0.025207 0.007679
0.013773 -0.044975 0.183657
0.444823 -0.166843 0.183109
-0.227938 0.058420 -0.362477
0.458836 0.027552 0.138894
0.215869 0.080129 -0.024736
-0.070876 0.181338 -0.034993
-1.127636 0.198019 -0.150547
0.339888 0.149158 0.027329
0.114996 0.046667 0.123231
-2.191162 0.848829 -0.744580
-0.208265 0.002005 0.000643
0.209006 0.229022 -0.017247
0.092498 0.200517 -0.006254
-1.211253 0.077742 -0.477916
-0.731062 0.119074 -0.300876
0.158525 0.066676 0.001907
-2.128953 0.507519 -0.303125
0.150372 -0.029902 0.132297
-0.572924 -0.017549 -0.387773
-1.519469 0.472550 -0.270861
0.249323 0.124312 0.019846
0.464195 0.268760 0.285112
-1.226961 0.268984 -0.147959
0.064143 -0.182123 0.175664
-0.777173 0.233262 0.071868
-2.669880 -0.264488 -0.597303
0.433856 0.173809 0.099454
0.100029 0.080603 0.060308
0.256000 -0.215917 0.155884
-0.904549 0.205459 -0.053936
-2.174195 0.764373 -0.743576
-0.766147 0.249141 -0.192351
0.257115 0.094296 0.098776
0.082210 0.219882 -0.057137
-1.826982 -0.011095 -0.535292
-0.832228 0.027160 -0.230434
-0.064095 0.347470 -0.023971
-0.991763 0.134633 -0.386532
0.161961 0.022567 0.046909
-2.275837 0.035789 -0.407975
-0.038450 -0.125891 0.142066
0.303401 0.141131 0.024395
0.193037 -0.020601 0.160156
-1.859409 0.777712 -0.333198
0.190927 -0.258844 0.067666
-0.159032 0.240070 -0.049818
0.070020 -0.003117 -0.019992
0.197352 -0.175718 0.121099
-2.451544 0.288927 -0.340069
0.172350 -0.186685 0.183832
-0.663803 0.130510 -0.070510
0.471649 -0.194672 0.153608
0.331094 0.099217 0.021786
-2.533312 0.235864 -0.330484
-2.404092 0.857427 -0.425484
0.196234 0.078116 0.098877
0.478328 0.130481 0.095531
0.462241 0.020380 0.119127
-1.139031 0.259395 -0.153925
-1.991096 0.333811 -0.254352
-0.086875 -0.018528 0.072880
0.442836 -0.272483 0.139740
-2.125496 0.841738 -0.750250
-0.373145 0.047733 -0.462444
-0.202881 0.052290 0.023064
-0.136651 -0.005022 0.101727
0.037883 0.343439 -0.014621
0.394490 0.126574 0.077384
-0.025859 0.021939 0.009559
-1.827466 0.871206 -0.518763
-2.329441 -0.124428 -0.512259
0.284378 0.215057 0.036203
-0.143611 0.115612 0.040700
-0.300486 0.062033 -0.029078
0.423966 -0.279293 0.111231
0.135747 0.026849 0.099519
-2.170984 0.867917 -0.309425
-0.601809 0.092270 -0.419606
0.385109 0.154409 0.089883
-0.033623 0.078767 0.129138
-2.320467 0.958739 -0.565886
0.276623 -0.086686 0.192543
0.454879 -0.433186 0.214351
0.059229 -0.064698 0.074998
0.185850 0.074265 0.114698
0.332650 0.112695 0.048259
0.169488 0.019536 0.047022
-1.145559 0.266807 -0.340415
-0.043911 -0.033492 0.038332
-1.297538 0.437370 -0.470257
-0.006750 0.027979 0.270949
-2.427631 -0.021705 -0.396853
0.112222 -0.072642 0.096444
-0.999063 0.296331 -0.284212
0.469838 -0.308910 0.164980
0.066166 0.204839 -0.110621
0.411100 0.149697 0.121008
0.428527 -0.323215 0.086083
-0.017040 -0.370833 0.182753
0.388610 0.106007 0.082768
-1.919080 0.389770 -0.286459
-0.215879 0.092367 0.027441
0.160999 0.183791 -0.103818
-2.275182 0.444681 -0.350264
-0.075160 0.166619 0.339904
0.469038 -0.258419 0.145134
0.295366 -0.232360 0.158029
-1.940503 0.897196 -0.488987
-2.261129 0.815564 -0.297546
-0.699623 0.046419 -0.169031
0.348981 -0.253830 0.179839
-0.610127 0.138896 -0.427593
-1.878889 0.719805 -0.727574
-0.657395 -0.005481 -0.166544
0.162730 -0.006316 0.231243
0.137943 0.055695 0.282840
0.294491 -0.362954 0.213502
0.373334 0.136188 0.082884
-0.690505 0.003402 -0.183910
0.027140 0.106619 0.054557
0.370101 -0.395217 0.279712
0.357929 0.204044 0.170214
-1.143487 0.253594 -0.122553
-0.054661 -0.036156 0.075970
0.508946 -0.270143 -0.059693
-1.353406 0.419001 -0.227992
-1.328329 0.161575 -0.519967
-1.023417 0.143170 -0.341137
0.372173 -0.260465 0.201172
-1.587551 0.653047 -0.357013
-2.501153 -0.061616 -0.364850
-0.037294 0.349565 -0.011238
0.373326 0.202763 0.153195
0.206899 0.055543 0.044627
0.249464 -0.005413 0.030355
-1.505686 0.631249 -0.392446
0.182557 0.065580 0.014237
-1.639428 0.135940 -0.552755
0.256110 0.054361 0.041344
0.016006 0.366736 -0.031098
0.208468 0.179931 -0.079306
-1.876965 0.757929 -0.676590
-2.011993 0.719604 -0.732343
0.293133 -0.161442 0.184181
0.473212 -0.128732 0.125021
-2.543656 -0.071631 -0.362309
-1.690177 0.382501 -0.311896
0.203904 -0.312837 0.213905
-2.332554 0.805925 -0.329628
0.281867 -0.281291 0.039993
-0.049845 -0.084005 0.150407
-0.636180 0.164834 -0.031751
-1.378764 0.338230 -0.183834
0.098532 -0.242708 0.174491
-1.807264 0.802479 -0.371782
-0.057015 -0.036910 0.038980
0.139101 0.185156 0.004995
0.036981 0.220902 -0.041098
-1.714267 0.759334 -0.471853
-1.102648 0.340380 -0.273358
-1.476257 0.479188 -0.266293
0.129456 0.187133 -0.122371
-0.268475 0.101758 -0.042468
-1.329101 0.495563 -0.316577
0.102809 0.298819 -0.040393
-2.130213 0.800209 -0.760024
0.158806 0.086441 0.160418
-0.062509 -0.069062 -0.024839
-0.302703 0.000130 -0.034024
0.062697 -0.266805 0.159890
0.076397 -0.064967 0.149364
0.242104 -0.065264 0.210652
0.163762 0.164488 -0.078656
-0.140227 0.009733 0.019458
-0.370572 0.104353 -0.094216
-0.953625 0.259237 -0.130519
-2.616202 0.088957 -0.702994
0.422389 0.301983 0.223828
0.447357 -0.137803 -0.034113
0.142135 -0.082417 0.157675
-0.055187 -0.028969 0.032700
-1.063258 0.202840 -0.087578
-0.079236 0.009503 0.012627
0.326260 -0.368812 0.270634
-0.832101 0.170499 -0.439186
0.177666 -0.145590 0.135522
0.070858 0.003601 0.043527
0.245109 0.150971 0.233474
0.001646 0.250356 -0.009557
-1.904956 0.864184 -0.483246
0.193084 0.116989 0.125752
0.400415 -0.177460 0.201344
-0.217451 0.074460 0.039964
-1.373928 0.540212 -0.519244
0.108934 0.265218 -0.005005
0.098805 0.034832 0.082887
0.135825 0.233781 -0.008983
0.016340 -0.297173 0.178426
0.053941 0.043539 0.328906
0.213779 -0.128643 0.058196
-0.055878 0.219294 -0.039979
-0.147571 0.103118 0.115170
0.513279 -0.071100 0.108025
0.368449 -0.383947 0.234571
0.395999 -0.324017 0.246657
0.392455 -0.342161 0.243541
0.105161 -0.075837 0.074380
-1.289753 0.124399 -0.494031
0.119207 -0.089304 0.089535
-2.315694 0.750086 -0.319343
-1.385639 0.332460 -0.204503
0.287473 0.154088 0.116506
-0.717783 0.002881 -0.193092
-0.108866 0.034427 0.039388
-0.074151 -0.079195 0.102887
-0.144051 -0.019293 0.052776
0.446424 -0.168962 0.181265
0.265665 -0.114787 0.036085
0.213711 -0.013774 0.018358
